3.917615e-02	1.469489e-01	-8.404619e-01	3.699177e+00	6.704000e+06	1.454751e+00
5.750273e-02	1.231590e-01	-5.069669e-01	4.040687e+00	2.119991e+07	1.392889e-01
8.440247e-02	1.021403e-01	-3.035036e-01	4.437004e+00	6.704000e+07	9.394414e-03
1.238859e-01	8.377942e-02	-1.800697e-01	4.899138e+00	2.119991e+08	3.959793e-04
1.818396e-01	6.785212e-02	-1.058274e-01	5.443856e+00	6.704000e+08	8.709173e-06
2.669040e-01	5.418526e-02	-6.150274e-02	6.091830e+00	2.119991e+09	7.704268e-08
3.917615e-01	4.259609e-02	-3.528387e-02	6.870739e+00	6.704000e+09	1.856401e-10
5.750273e-01	3.290414e-02	-1.995044e-02	7.817413e+00	2.119991e+10	6.740107e-14
8.440247e-01	2.492297e-02	-1.109612e-02	8.982318e+00	6.704000e+10	1.458938e-18
1.238859e+00	1.846649e-02	-6.057807e-03	1.043509e+01	2.119991e+11	4.262752e-25
1.818396e+00	1.334414e-02	-3.235527e-03	1.227561e+01	6.704001e+11	1.415723e-34
2.669040e+00	9.375110e-03	-1.686543e-03	1.464536e+01	2.119991e+12	0.000000e+00
3.917615e+00	6.377543e-03	-8.546862e-04	1.775667e+01	6.704000e+12	0.000000e+00
5.750273e+00	4.180775e-03	-4.194162e-04	2.193108e+01	2.119991e+13	0.000000e+00
8.440247e+00	2.625175e-03	-1.982274e-04	2.767637e+01	6.704000e+13	0.000000e+00
1.238859e+01	1.567503e-03	-8.957214e-05	3.581658e+01	2.119991e+14	0.000000e+00
1.818396e+01	8.830474e-04	-3.836124e-05	4.771955e+01	6.704000e+14	0.000000e+00
2.669040e+01	4.649934e-04	-1.539846e-05	6.576048e+01	2.119991e+15	0.000000e+00
3.917616e+01	2.267002e-04	-5.728331e-06	9.418081e+01	6.704000e+15	0.000000e+00
5.750273e+01	1.015599e-04	-1.950653e-06	1.407107e+02	2.119991e+16	0.000000e+00
